1,1,7707,2737,705,3747,508,4757,804
-1,-1,2737,6454,3747,5444,4757,4434,5767,7774,6777,7404
1,1,6656,2737,9776,3747,7655,4757,5534,5767,3415,6747,1523,4757,2304
1,1,7776,2725,6656,2528,5646,2826,4636,2624,7606,2111,608,2427,805,2725,503,2528,301,2826,104
1,1,6656,2724,9776,2422,7655,2225,7775,2522,6454,2225,5444,2523,4434,2326,7174,2623,7404
1,1,6454,2725,5444,2523,4434,2326,7174,2623,7404
-1,-1,2724,7774,2422,7434,2225,3454,2522,6656,2225,9776,2523,7655,2326,5534,2623,5404
-1,-1,2723,9888,2326,8885,2623,8505,2326,504
1,1,7101,2724,103,2422,300,2225,4
-1,-1,2723,6656,2326,9776,2624,7655,2422,5536,2225,3624,2528,2412,2825,1204
1,1,6656,2124,9776,2426,7655,2747,5543,2628,4335,4745,3516,4543,1604
-1,-1,2124,6454,2426,5444,2717,4434,2628,3424,1715,2414,10,1404
1,1,9888,2124,8885,2725,8525,314,2524,1425,2404
-1,-1,2124,7774,2426,7434,2717,7121,1714,3404
1,1,9080,2124,8084,2725,6454,2545,5444,2427,4434,4543,3433,4363,8404
-1,-1,2124,7174,2725,7434,2527,3404
1,1,7174,2124,7434,2726,3404
-1,-1,2124,7174,2464,7434,2725,7747,2545,4727,628,2724,4543,3404
1,1,7774,2124,7434,2426,7141,2623,4144,2326,4404
-1,-1,2124,6454,2426,5444,2622,4434,2225,3424,2724,7774,2528,7404
1,1,7101,2124,103,2426,300,2747,4
-1,-1,2124,7774,2421,7434,2124,3404
1,1,7707,2124,705,2421,508,2124,804
-1,-1,2124,7774,2421,7434,2124,6454,2717,5444,2427,4445,1714,3404
1,1,6454,2124,5444,2426,4434,2623,3424,2725,2414,2515,1404
-1,-1,2124,9080,2426,8082,2623,6252,2326,5242,2747,4232,4744,3222,4441,2223,4111,8202,2628,201,2825,100,2528,3,2827,304
1,1,7774,2124,7434,2725,3430,2421,9776,2124,9897,2545,9707,2427,708,4542,806,4240,605,2724,504
-1,-1,2124,6858,2421,5848,2124,4838,2725,3837,2421,9808,2124,807,2423,706,2545,636,2326,3634,4542,3432,2625,3231,2528,3101,4212,100,2825,2,2528,203,2825,323,2528,2328,1202,2808,201,805,111,515,1121,1511,2120,1121,2010,2120,1000,2000,3040,40,414,4044,1404,4404
1,1,7707,2124,705,807,507,2725,727,2427,9776,2522,9897,2724,9727,2426,2726,2220,2620,3646,2000,4656,1,3242,102,4252,203,5666,304
-1,-1,2124,7707,807,9776,2426,9897,2623,9727,2326,2726,727,2627,3848,2707,122,706,514,604
1,1,6858,2124,5848,2426,4838,2623,3828,2326,2818,2623,1808,2326,807,2717,706,1714,605,1411,504
-1,-1,2124,7774,2726,7434,2421,3430,2124,3036,2421,3606,2124,608,2421,805,2124,503,2606,301,2427,104
1,1,7774,2725,7434,2523,9776,2325,9897,2523,9727,2325,2725,818,2521,1817,2101,1716,102,1615,203,1514,300,1413,10,1312,1012,414,1214
